0000003B0001 860B
00 00 00 00 00 01 

L1 3b U4 4b             U4 4b 0  0  (1004)
01 03 B1 04 00 00 00 00 B1 04 00 00 03 EC
L  1b L  2b U4 4b           8  L 3b U1 1b 0  As 12 A  A  A  A  A  A  A  A  A  A  A  A    
01 01 01 02 B1 04 00 00 00 08 01 03 A5 01 00 41 0C 41 41 41 41 41 41 41 41 41 41 41 41 

U4 4b  
B1 04 00 00 00 00 



0000003B0001 860B000000000001
0103B10400000000B104000003EC01010102B104000000080103A50100410C414141414141414141414141B10400000000
0103B10400000000B104000003EC01010102B104000000080103A50100410C414141414141414141414141B10400000000



00000000  00 00 00 6C 00 00 86 0B  00 00 00 00 00 1B A9 02   ...l.... ........ 
00000010  00 16 A5 01 6F 21 01 35  41 00 61 08 00 00 00 00   ....o!.5 A.a..... 
00000020  00 00 00 01 71 04 00 00  00 01 69 02 00 01 65 01   ....q... ..i...e. 
00000030  01 81 08 3F F0 00 00 00  00 00 00 91 04 41 30 00   ...?.... .....A0. 
00000040  00 A1 08 00 00 00 00 00  00 00 01 B1 04 00 00 00   ........ ........ 
00000050  01 41 01 41 01 00 21 03  30 30 30 25 01 FF 41 01   .A.A..!. 000%..A. 
00000060  31 45 03 31 31 31 61 08  00 00 00 00 00 00 00 01   1E.111a. ........ 

A9020016A5016F2101354100610800000000000000017104000000016902000165010181083FF0000000000000910441300000A1080000000000000001B10400000001410141010021033030302501FF410131450331313161080000000000000001
A9020016A5016F2101354100610800000000000000017104000000016902000165010181083FF0000000000000910441300000 A1080000000000000001B10400000001410141010021033030302501FF410131450331313161080000000000000001
A9020016A5016F2101354100610800000000000000017104000000016902000165010181083FF0000000000000910441300000 A1080000000000000001B10400000001410141010021033030302501FF410131450331313161080000000000000001                     B104000000014101410100210330303025010141013161080000000000000001

0000006C0000860B00000000001B

 A9 02  0016                           UINT_2    22
 A5 01  6F                             UINT_1    111
 21 01  35                             BINARY    35
 41 00                                 ASCII     null
 61 08  0000000000000001               INT_8     1
 71 04  00000001                       INT_4     1
 69 02  0001                           INT_2     1
 65 01  01                             INT_1     1
 81 08  3FF0000000000000               FT_8      1
 91 04  41300000                       FT_4      11
 A1 08  0000000000000001               UINT_8    1
 B1 04  00000001                       UINT_4    1
 41 01  41                             ASCII     A
 01 00                                 List      null 
 21 03  303030                         BINARY    "000" >>> 30 30 30   
 25 01  FF                             BOOLEAN   T 
 41 01  31                             ASCII     1
 45 03  313131                         JIS       111
 61 08  0000000000000001               INT_8     1








00000014
0000 8213 0000 00000001

03 000002 
41 01 41
41 01 42


00000012
00 00 8213 0000 00000004 

01 02 
41 01 41
41 01 42


00000017
0000 8213 0000 00000005

02 0003
03 000000

41 01 41
41 01 42